# 2004 2393 0
# 2005 2191 1
# 2006 2286 2
# 2007 2533 3
# 2008 2543 4
# 2009 2695 5
# 2010 3702 6
# 2011 2645 7
# 2012 3252 8
# 2013 2952 9
# 2014 3025 10
# 2015 2390 11
# 2016 3028 12
# 2017 2965 13
# 2018 2896 14
# 2019 3011 15
# 2020 3584 16
# 2021 3180 17
# 2022 3749 18
# 2023 3262 19
# 2024 2507 20
9 0 7
12 0 9
13 0 7
14 0 7
16 0 14
17 0 10
19 0 10
4 1 6
5 1 6
0 2 5
1 2 9
2 2 6
4 2 12
6 2 8
7 2 6
8 2 10
9 2 16
10 2 8
11 2 8
13 2 9
15 2 8
16 2 17
17 2 14
18 2 14
19 2 13
6 3 10
7 3 8
8 3 8
15 3 12
16 3 10
2 4 6
7 4 6
9 5 7
0 6 5
3 6 6
4 6 12
5 6 8
6 6 7
7 6 16
10 6 11
16 6 9
19 7 9
20 7 10
0 8 5
3 8 5
5 8 6
8 8 8
12 8 7
16 8 9
18 8 11
19 8 9
14 9 9
16 9 14
17 9 17
18 9 10
19 9 20
20 9 16
18 10 10
19 10 19
20 10 8
6 11 6
2 12 5
10 13 9
17 14 12
18 14 17
19 14 15
20 14 21
16 15 8
16 16 16
17 16 21
18 16 17
19 16 18
20 16 10
7 17 5
13 17 8
0 18 4
2 18 5
3 18 6
4 18 8
5 18 7
6 18 16
7 18 12
8 18 7
9 18 15
10 18 14
11 18 11
12 18 9
13 18 13
15 18 8
16 18 10
18 18 11
19 18 11
0 19 23
1 19 12
2 19 17
3 19 15
4 19 18
5 19 17
6 19 26
7 19 10
8 19 19
9 19 23
10 19 13
11 19 14
12 19 23
13 19 16
14 19 10
15 19 21
16 19 18
17 19 15
18 19 11
19 19 10
0 20 4
1 20 6
3 20 5
5 20 14
6 20 7
8 20 14
9 20 10
10 20 11
14 20 9
19 20 11
0 21 9
2 21 13
3 21 5
4 21 12
5 21 14
6 21 11
7 21 9
8 21 10
9 21 10
10 21 14
11 21 7
13 21 11
14 21 13
15 21 8
16 21 12
18 21 11
2 22 6
3 22 6
5 22 6
6 22 7
8 22 8
9 22 7
10 22 11
11 22 8
13 22 7
15 22 8
18 22 9
19 22 10
2 23 6
3 23 8
4 23 10
5 23 9
6 23 12
7 23 6
8 23 10
10 23 8
0 24 17
1 24 20
2 24 15
3 24 13
4 24 11
5 24 11
6 24 24
7 24 14
8 24 20
9 24 12
10 24 13
11 24 11
12 24 13
13 24 20
15 24 9
17 24 8
18 24 11
19 24 9
0 25 31
1 25 30
2 25 44
3 25 42
4 25 44
5 25 53
6 25 58
7 25 51
8 25 56
9 25 50
10 25 39
11 25 28
12 25 35
13 25 30
14 25 24
15 25 32
16 25 28
17 25 27
18 25 33
19 25 26
20 25 16
0 26 6
1 26 9
4 26 7
10 26 7
12 26 7
8 27 11
9 27 7
10 27 8
13 27 10
17 27 10
18 27 14
19 27 9
20 27 12
16 28 8
0 29 5
2 29 4
20 30 9
0 31 8
1 31 6
2 31 9
3 31 10
4 31 13
5 31 10
6 31 18
7 31 9
8 31 16
9 31 7
10 31 12
11 31 7
12 31 14
13 31 17
14 31 8
15 31 15
16 31 14
18 31 13
19 31 14
20 31 9
4 32 8
16 33 11
18 33 9
17 34 9
19 34 10
0 35 5
4 36 6
5 36 8
6 36 10
8 36 12
10 36 7
11 36 7
12 36 9
14 37 11
18 37 10
19 37 10
0 38 54
1 38 40
2 38 44
3 38 50
4 38 45
5 38 33
6 38 47
7 38 44
8 38 36
9 38 37
10 38 36
11 38 30
12 38 31
13 38 30
14 38 25
15 38 34
16 38 39
17 38 32
18 38 40
19 38 31
20 38 21
0 39 6
1 39 5
4 39 9
5 39 12
6 39 15
7 39 12
8 39 14
9 39 12
10 39 12
12 39 12
13 39 9
14 39 9
0 40 14
1 40 10
2 40 8
3 40 14
4 40 9
5 40 14
6 40 12
7 40 6
8 40 16
9 40 11
10 40 8
11 40 15
12 40 13
13 40 20
14 40 18
15 40 12
16 40 13
17 40 14
20 40 10
3 41 5
5 41 6
0 42 7
1 42 5
2 42 6
3 42 9
4 42 9
5 42 12
6 42 15
7 42 6
8 42 15
9 42 11
10 42 8
11 42 8
12 42 7
13 42 13
14 42 9
15 42 8
18 42 10
4 43 5
6 43 6
12 43 8
14 43 7
15 43 8
11 44 8
13 44 7
4 45 5
14 46 7
16 46 11
17 46 16
18 46 16
19 46 12
20 46 12
11 47 6
16 48 9
0 49 5
8 49 6
0 50 4
3 50 5
9 51 9
14 51 7
15 51 10
17 51 9
0 52 10
1 52 11
2 52 11
3 52 11
4 52 14
5 52 16
6 52 12
7 52 15
8 52 19
9 52 13
10 52 10
11 52 7
12 52 11
14 52 10
15 52 17
16 52 15
17 52 8
18 52 15
19 52 10
16 53 8
0 54 7
5 55 6
6 55 11
8 55 9
9 55 10
10 55 18
11 55 8
12 55 10
13 55 14
14 55 13
15 55 17
16 55 13
17 55 15
18 55 24
19 55 15
20 55 17
0 56 4
3 56 5
4 56 8
9 56 6
5 57 11
6 57 10
7 57 7
8 57 9
9 57 11
10 57 9
11 57 11
12 57 14
13 57 26
14 57 13
15 57 13
16 57 14
19 57 9
20 57 12
13 58 10
15 58 12
16 58 14
17 58 15
18 58 14
19 58 15
20 58 13
10 59 9
11 59 7
12 59 12
14 59 11
15 59 14
16 59 9
17 59 14
18 59 12
19 59 10
20 59 9
15 60 9
16 60 11
17 60 9
18 60 15
0 61 5
0 62 5
6 62 7
0 63 6
1 63 9
3 63 5
4 63 6
9 63 6
1 64 6
3 64 6
4 64 8
5 64 7
6 64 6
8 64 6
11 64 6
7 65 6
10 65 7
0 66 4
13 66 7
16 66 8
12 67 7
13 67 7
15 67 10
16 67 14
17 67 16
18 67 19
19 67 24
20 67 13
0 68 9
1 68 7
2 68 14
3 68 11
4 68 9
5 68 13
6 68 20
7 68 7
8 68 14
9 68 12
10 68 12
11 68 8
12 68 10
13 68 9
14 68 9
15 68 9
17 68 11
19 68 14
3 69 5
6 69 8
4 70 7
8 70 6
6 71 9
9 71 6
0 72 41
1 72 30
2 72 33
3 72 31
4 72 32
5 72 16
6 72 31
7 72 20
8 72 23
9 72 15
10 72 14
11 72 14
12 72 14
13 72 12
14 72 7
15 72 15
16 72 10
17 72 8
0 73 20
1 73 19
2 73 11
3 73 16
4 73 16
5 73 14
6 73 16
7 73 6
8 73 13
9 73 10
10 73 15
11 73 8
12 73 10
13 73 7
14 73 8
15 73 8
0 74 16
1 74 19
2 74 19
3 74 22
4 74 13
5 74 26
6 74 27
7 74 25
8 74 17
9 74 20
10 74 14
11 74 16
12 74 13
13 74 24
14 74 24
15 74 13
16 74 21
17 74 18
18 74 20
19 74 19
20 74 12
1 75 5
2 75 7
4 75 6
6 75 7
8 75 9
9 75 10
10 75 9
11 75 10
12 75 10
13 75 11
14 75 15
15 75 19
16 75 15
17 75 13
18 75 15
11 76 7
17 77 9
0 78 74
1 78 72
2 78 57
3 78 64
4 78 59
5 78 61
6 78 76
7 78 65
8 78 70
9 78 65
10 78 64
11 78 66
12 78 67
13 78 71
14 78 70
15 78 64
16 78 76
17 78 59
18 78 68
19 78 64
20 78 51
0 79 50
1 79 51
2 79 41
3 79 52
4 79 57
5 79 48
6 79 73
7 79 67
8 79 55
9 79 53
10 79 56
11 79 44
12 79 43
13 79 48
14 79 55
15 79 47
16 79 60
17 79 45
18 79 48
19 79 48
20 79 41
0 80 4
5 80 12
6 80 18
7 80 8
8 80 7
10 80 7
0 81 25
1 81 10
2 81 23
3 81 23
4 81 23
5 81 29
6 81 34
7 81 28
8 81 50
9 81 31
10 81 31
11 81 29
12 81 33
13 81 34
14 81 37
15 81 36
16 81 46
17 81 41
18 81 31
19 81 33
20 81 26
0 82 6
1 82 7
2 82 7
3 82 6
4 82 8
5 82 11
6 82 9
7 82 7
9 82 9
10 82 13
11 82 19
12 82 10
13 82 10
14 82 8
15 82 8
16 82 9
17 82 12
18 82 17
19 82 10
20 82 9
8 83 10
9 83 6
12 83 7
14 83 7
0 84 6
1 84 14
2 84 11
3 84 14
4 84 7
5 84 11
6 84 12
7 84 10
8 84 12
9 84 7
11 84 12
12 84 9
13 84 9
14 84 12
15 84 8
16 84 13
2 85 5
0 86 23
1 86 16
2 86 24
3 86 17
4 86 18
5 86 19
6 86 20
7 86 12
8 86 24
9 86 20
10 86 18
11 86 10
12 86 18
13 86 15
15 86 11
16 86 15
17 86 14
18 86 20
19 86 19
20 86 15
0 87 13
1 87 13
2 87 18
3 87 14
4 87 14
5 87 11
6 87 23
7 87 14
8 87 16
9 87 14
10 87 12
12 87 12
13 87 8
14 87 8
15 87 11
16 87 23
17 87 15
19 87 12
20 87 15
15 88 8
17 89 12
18 89 13
19 89 20
20 89 13
2 90 5
3 91 10
6 91 13
7 91 9
8 91 12
9 91 10
10 91 12
11 91 13
12 91 11
13 91 11
15 91 21
16 91 15
17 91 10
18 91 16
19 91 14
20 91 10
12 92 16
13 92 27
14 92 27
15 92 42
16 92 57
17 92 44
18 92 51
19 92 49
20 92 39
0 93 8
2 93 17
3 93 12
4 93 12
5 93 18
6 93 22
7 93 11
8 93 19
9 93 18
10 93 20
11 93 26
12 93 24
13 93 22
14 93 21
15 93 15
16 93 31
17 93 27
18 93 32
19 93 24
20 93 18
1 94 5
2 95 5
2 96 6
5 96 7
8 96 8
9 96 10
12 96 14
14 96 12
15 96 9
17 96 13
18 96 15
20 96 11
1 97 5
9 98 8
13 98 7
16 98 11
17 98 9
19 98 12
20 98 14
11 99 8
12 99 15
13 99 12
14 99 11
15 99 10
16 99 11
17 99 19
18 99 21
19 99 18
20 99 19
3 100 6
5 100 6
7 100 6
10 100 10
11 100 7
12 100 12
14 100 10
15 100 8
17 100 10
0 101 5
2 102 8
4 102 9
5 102 7
6 102 13
8 102 15
9 102 10
12 102 8
13 102 9
15 102 10
19 102 11
0 103 5
3 104 8
6 104 8
17 105 8
18 105 10
3 106 8
4 106 6
12 106 8
8 107 6
19 108 10
16 109 11
19 109 11
5 110 6
8 110 8
14 110 8
0 111 13
1 111 9
2 111 16
3 111 9
4 111 12
5 111 12
6 111 11
7 111 8
8 111 20
9 111 13
10 111 11
11 111 7
12 111 11
13 111 10
14 111 11
15 111 11
17 111 13
18 111 12
20 111 14
0 112 7
1 112 5
2 112 8
3 112 9
5 112 8
6 112 7
8 112 6
10 112 9
0 113 15
1 113 20
2 113 22
3 113 26
4 113 21
5 113 27
6 113 43
7 113 23
8 113 34
9 113 23
10 113 19
11 113 23
12 113 17
13 113 18
14 113 17
15 113 17
16 113 14
17 113 15
18 113 13
19 113 20
20 113 10
6 114 6
7 114 6
9 114 11
10 114 13
11 114 11
12 114 15
13 114 12
14 114 8
15 114 13
16 114 13
17 114 11
18 114 19
19 114 15
0 115 8
1 115 6
2 115 11
3 115 11
4 115 8
5 115 10
6 115 7
7 115 11
9 115 9
10 115 10
12 115 8
16 115 9
17 115 12
18 115 15
19 115 11
0 116 5
1 116 7
2 116 6
3 116 11
4 116 7
5 116 8
6 116 9
8 116 8
9 116 6
11 116 6
12 116 8
0 117 6
1 117 5
4 118 5
12 118 8
13 118 10
14 118 15
15 118 13
16 118 10
17 118 14
18 118 20
19 118 12
20 118 13
9 119 6
10 119 7
16 119 8
0 120 7
2 120 4
3 120 7
4 120 5
6 120 7
8 120 7
17 120 9
15 121 8
16 122 9
18 122 12
19 122 10
19 123 11
0 124 13
1 124 11
2 124 13
3 124 10
4 124 13
5 124 10
6 124 14
7 124 8
8 124 9
9 124 13
10 124 13
11 124 10
13 124 8
14 124 9
16 124 15
17 124 11
18 124 13
0 125 4
1 125 7
6 125 10
8 125 12
9 125 10
10 125 12
11 125 16
12 125 15
13 125 9
14 125 11
15 125 12
16 125 23
17 125 17
18 125 23
19 125 20
20 125 12
0 126 5
2 126 5
11 127 7
13 127 7
15 127 10
16 127 13
17 127 16
18 127 16
19 127 20
20 127 13
17 128 9
9 129 8
14 129 8
9 130 7
14 130 11
18 130 12
0 131 7
1 131 8
2 131 5
3 131 6
5 131 6
6 131 9
10 131 7
11 131 10
6 132 12
7 132 7
10 132 7
11 132 8
17 132 14
18 132 10
19 132 16
0 133 13
1 133 23
2 133 15
3 133 10
4 133 14
5 133 20
6 133 18
7 133 11
8 133 21
9 133 21
10 133 23
11 133 21
12 133 28
13 133 28
14 133 22
15 133 20
16 133 15
17 133 20
18 133 21
19 133 30
20 133 20
5 134 6
7 134 5
8 134 6
10 134 7
11 134 10
12 134 9
13 134 7
15 134 12
16 134 9
17 134 8
18 134 12
19 134 12
16 135 9
17 135 13
16 136 8
3 137 8
6 137 6
16 138 8
0 139 6
2 139 5
4 139 8
5 139 8
6 139 15
8 139 11
9 139 10
11 139 14
12 139 12
13 139 11
14 139 9
15 139 10
16 139 8
17 139 8
6 140 7
7 140 8
8 140 6
9 140 8
16 140 10
18 140 10
0 141 7
1 141 8
2 141 15
3 141 21
4 141 25
5 141 40
6 141 55
7 141 48
8 141 63
9 141 58
10 141 61
11 141 42
12 141 56
13 141 53
14 141 50
15 141 58
16 141 75
17 141 57
18 141 58
19 141 60
20 141 41
0 142 10
1 142 9
2 142 11
3 142 9
4 142 10
5 142 10
6 142 12
7 142 8
8 142 17
9 142 16
10 142 12
11 142 9
12 142 11
13 142 12
14 142 13
15 142 8
16 142 12
17 142 12
18 142 15
19 142 14
20 142 12
0 143 6
1 143 5
2 143 6
3 143 5
6 143 8
7 143 7
8 143 9
10 143 7
11 143 13
12 143 9
16 143 8
17 143 11
18 143 12
19 143 13
6 144 9
7 144 9
12 144 8
14 144 16
15 144 25
16 144 27
17 144 30
18 144 29
19 144 32
20 144 23
18 145 11
19 145 13
20 145 10
2 146 7
0 147 28
1 147 23
2 147 28
3 147 26
4 147 29
5 147 34
6 147 43
7 147 42
8 147 42
9 147 39
10 147 49
11 147 35
12 147 37
13 147 34
14 147 31
15 147 42
16 147 42
17 147 36
18 147 37
19 147 30
20 147 24
18 148 9
0 149 19
1 149 13
2 149 10
3 149 12
4 149 12
5 149 11
6 149 9
7 149 10
8 149 17
10 149 8
11 149 7
13 149 10
14 149 10
20 150 12
18 151 14
19 151 14
20 151 17
0 152 11
1 152 9
2 152 13
3 152 11
4 152 12
6 152 19
7 152 11
8 152 13
9 152 10
12 152 8
13 152 9
14 152 11
15 152 8
16 152 10
20 152 9
0 153 5
1 153 9
3 153 6
5 153 10
6 153 17
8 153 11
9 153 9
10 153 10
11 153 13
12 153 17
13 153 14
14 153 14
15 153 10
16 153 17
17 153 21
18 153 15
19 153 10
20 153 9
0 154 14
1 154 10
2 154 7
4 154 17
5 154 12
6 154 11
7 154 7
8 154 18
9 154 12
10 154 12
11 154 7
12 154 9
14 154 7
15 154 14
16 154 10
17 154 10
0 155 11
4 155 9
6 155 11
10 155 8
14 155 9
2 156 5
4 156 5
5 156 10
9 156 9
12 156 9
13 156 12
14 156 7
15 156 8
18 156 17
19 156 13
6 157 13
8 157 12
9 157 18
10 157 15
11 157 16
12 157 17
13 157 26
14 157 23
15 157 17
16 157 17
17 157 17
18 157 24
19 157 25
20 157 18
0 158 17
1 158 12
2 158 19
3 158 15
4 158 18
5 158 25
6 158 38
7 158 29
8 158 26
9 158 28
10 158 27
11 158 20
12 158 34
13 158 24
14 158 27
15 158 27
16 158 31
17 158 30
18 158 32
19 158 28
20 158 26
0 159 4
1 159 5
2 159 4
3 159 6
4 159 6
6 159 7
7 159 8
8 159 10
10 159 7
11 159 7
12 159 8
13 159 9
14 159 8
15 159 11
16 159 10
18 159 13
19 159 12
20 159 10
7 160 5
8 160 8
10 160 13
11 160 8
0 161 16
1 161 8
2 161 9
3 161 8
5 161 9
17 161 11
18 161 13
9 162 7
10 162 12
11 162 9
12 162 15
13 162 12
14 162 15
15 162 12
16 162 15
17 162 14
20 162 10
0 163 12
1 163 7
2 163 10
3 163 20
4 163 14
5 163 19
6 163 21
7 163 14
8 163 16
9 163 18
10 163 18
11 163 17
12 163 21
13 163 22
14 163 18
15 163 20
16 163 23
17 163 20
18 163 25
19 163 27
20 163 14
12 164 7
16 164 19
17 164 20
18 164 21
19 164 29
20 164 16
20 165 9
7 166 7
10 166 7
11 166 6
14 166 7
15 166 9
16 166 18
18 166 10
0 167 7
1 167 10
2 167 12
3 167 17
4 167 16
5 167 26
6 167 32
7 167 26
8 167 41
9 167 32
10 167 32
11 167 27
12 167 41
13 167 29
14 167 34
15 167 39
16 167 38
17 167 39
18 167 37
19 167 33
20 167 22
1 168 5
2 168 6
6 168 9
17 169 9
0 170 9
1 170 9
2 170 9
3 170 6
6 170 13
7 170 7
8 170 7
9 170 11
6 171 6
7 171 5
12 171 7
14 171 9
0 172 25
1 172 20
2 172 17
3 172 20
4 172 17
5 172 20
6 172 28
7 172 27
8 172 29
9 172 26
10 172 29
11 172 21
12 172 35
13 172 22
14 172 28
15 172 32
16 172 41
17 172 33
18 172 39
19 172 26
20 172 30
0 173 10
1 173 8
2 173 13
3 173 16
4 173 15
5 173 13
6 173 25
7 173 10
8 173 24
9 173 19
10 173 20
12 173 26
13 173 18
14 173 21
15 173 18
16 173 17
17 173 14
18 173 15
19 173 13
20 173 13
6 174 6
0 175 13
1 175 10
2 175 17
3 175 17
4 175 19
5 175 17
6 175 27
7 175 16
8 175 19
9 175 14
10 175 26
11 175 14
12 175 9
13 175 14
14 175 10
15 175 14
16 175 20
17 175 15
18 175 17
19 175 10
9 176 9
17 176 12
10 177 10
11 177 7
12 177 12
13 177 11
14 177 8
15 177 13
16 177 16
17 177 14
18 177 16
20 177 10
1 178 9
2 178 10
3 178 8
5 178 6
6 178 10
7 178 9
10 178 7
14 178 8
6 179 7
7 179 6
8 179 9
13 179 8
14 179 9
15 179 9
16 179 15
17 179 10
18 179 14
19 179 10
20 179 11
18 180 20
19 180 22
20 180 16
10 181 8
12 181 10
13 181 10
15 181 8
17 181 21
18 181 19
19 181 13
20 181 16
13 182 9
15 182 9
17 182 16
18 182 13
19 183 13
0 184 10
1 184 6
2 184 5
3 184 8
4 184 8
5 184 7
6 184 10
7 184 8
8 184 6
10 184 7
11 184 9
16 184 12
17 184 11
18 184 9
19 184 13
0 185 9
1 185 6
2 185 13
3 185 13
4 185 6
5 185 13
6 185 12
7 185 11
8 185 17
9 185 12
10 185 7
13 185 8
14 185 13
16 185 10
5 186 8
6 186 7
7 186 8
9 186 8
19 187 10
8 188 6
15 188 7
18 188 9
2 189 6
3 189 7
4 189 6
5 189 6
7 189 9
8 189 10
10 189 7
19 189 10
0 190 5
2 190 5
3 190 7
4 190 6
5 190 7
6 190 8
7 190 5
9 190 9
10 190 8
20 191 11
13 192 9
15 192 8
17 192 8
3 193 5
4 193 6
5 193 7
6 193 7
7 193 7
8 193 10
9 193 7
10 193 11
12 193 7
13 193 14
14 193 9
15 193 9
16 193 11
17 193 13
18 193 12
19 193 9
20 193 12
0 194 91
1 194 81
2 194 87
3 194 73
4 194 86
5 194 78
6 194 100
7 194 84
8 194 87
9 194 76
10 194 70
11 194 59
12 194 74
13 194 66
14 194 62
15 194 72
16 194 76
17 194 56
18 194 65
19 194 58
20 194 37
1 195 5
11 195 8
0 196 11
1 196 11
2 196 5
3 196 7
4 196 5
5 196 11
6 196 11
8 196 10
13 196 10
15 196 8
19 196 11
20 196 10
6 197 6
9 197 6
11 197 6
13 197 8
14 197 8
15 197 7
17 197 9
18 197 13
19 197 11
20 197 8
1 198 5
3 198 6
20 198 9
2 199 6
3 199 6
0 200 37
1 200 44
2 200 50
3 200 50
4 200 66
5 200 66
6 200 81
7 200 63
8 200 75
9 200 78
10 200 72
11 200 50
12 200 76
13 200 68
14 200 60
15 200 67
16 200 60
17 200 53
18 200 54
19 200 47
20 200 37
4 201 5
1 202 5
3 203 9
4 203 6
5 203 11
6 203 11
7 203 6
8 203 8
9 203 12
10 203 18
11 203 19
12 203 16
13 203 17
14 203 15
15 203 17
16 203 13
17 203 13
18 203 22
19 203 17
20 203 14
4 204 6
5 204 10
6 204 15
7 204 16
8 204 25
9 204 41
10 204 52
11 204 46
12 204 53
13 204 53
14 204 54
15 204 61
16 204 63
17 204 54
18 204 67
19 204 64
20 204 39
2 205 6
3 205 9
4 205 6
5 205 12
6 205 9
7 205 9
8 205 11
9 205 10
10 205 10
12 205 11
14 205 10
15 205 11
16 205 10
17 205 9
18 205 15
19 205 10
2 206 6
0 207 8
1 207 7
2 207 6
3 207 7
4 207 9
5 207 7
6 207 18
7 207 6
8 207 12
9 207 14
10 207 11
11 207 12
12 207 15
13 207 11
14 207 11
15 207 10
16 207 19
17 207 15
18 207 18
19 207 19
20 207 10
2 208 7
3 208 11
5 208 7
6 208 7
7 208 5
10 208 9
12 208 7
13 208 7
14 208 7
16 208 15
17 208 10
18 208 11
0 209 9
1 209 9
2 209 5
3 209 11
4 209 7
5 209 8
6 209 8
8 209 14
10 209 16
11 209 8
12 209 8
13 209 9
15 209 14
16 209 10
19 209 13
20 209 10
2 210 5
10 210 9
15 210 10
17 210 9
18 210 10
19 210 10
20 210 10
17 211 12
1 212 5
18 212 11
0 213 6
1 213 5
2 213 5
4 213 5
6 213 12
7 213 5
8 213 9
9 213 10
10 213 12
11 213 10
12 213 10
14 213 11
16 213 10
17 213 10
18 213 13
19 213 17
20 213 14
10 214 8
13 214 7
17 214 10
18 214 11
19 214 16
20 214 9
1 215 7
4 215 6
3 216 6
8 216 7
9 216 7
14 216 7
18 216 14
19 216 10
13 217 7
14 217 7
15 217 11
16 217 23
17 217 28
18 217 43
19 217 45
20 217 36
12 218 8
12 219 8
13 219 10
14 219 13
15 219 12
16 219 10
17 219 17
18 219 24
19 219 18
20 219 16
12 220 7
0 221 26
1 221 22
2 221 27
3 221 27
4 221 26
5 221 20
6 221 34
7 221 22
8 221 24
9 221 31
10 221 23
11 221 19
12 221 31
13 221 21
14 221 27
15 221 30
16 221 28
17 221 18
18 221 20
19 221 21
20 221 19
0 222 59
1 222 47
2 222 34
3 222 50
4 222 36
5 222 33
6 222 52
7 222 47
8 222 42
9 222 49
10 222 40
11 222 22
12 222 42
13 222 27
14 222 33
15 222 34
16 222 39
17 222 31
18 222 29
19 222 30
20 222 20
0 223 63
1 223 51
2 223 52
3 223 62
4 223 69
5 223 80
6 223 96
7 223 79
8 223 79
9 223 74
10 223 75
11 223 62
12 223 77
13 223 61
14 223 70
15 223 63
16 223 73
17 223 64
18 223 63
19 223 49
20 223 49
0 224 11
1 224 16
2 224 17
3 224 23
4 224 25
5 224 22
6 224 18
7 224 13
8 224 14
9 224 21
10 224 16
11 224 16
12 224 11
13 224 14
14 224 8
15 224 12
16 224 11
17 224 9
18 224 12
20 224 10
5 225 8
7 225 7
8 225 12
9 225 9
10 225 14
11 225 12
12 225 15
13 225 19
14 225 10
15 225 13
16 225 13
17 225 14
18 225 19
19 225 20
20 225 12
0 226 85
1 226 71
2 226 69
3 226 82
4 226 93
5 226 82
6 226 108
7 226 80
8 226 99
9 226 86
10 226 75
11 226 64
12 226 72
13 226 63
14 226 70
15 226 61
16 226 67
17 226 53
18 226 60
19 226 45
20 226 41
0 227 5
2 227 8
3 227 6
4 227 6
5 227 8
6 227 15
8 227 10
9 227 7
10 227 7
1 228 6
4 228 10
5 228 8
6 228 7
7 228 9
8 228 9
9 228 11
10 228 11
12 228 15
13 228 16
14 228 7
15 228 16
16 228 10
17 228 16
18 228 21
19 228 13
20 228 9
16 229 16
17 229 18
18 229 14
19 229 16
20 229 18
0 230 100
1 230 87
2 230 90
3 230 94
4 230 87
5 230 90
6 230 104
7 230 86
8 230 84
9 230 74
10 230 73
11 230 59
12 230 69
13 230 63
14 230 69
15 230 75
16 230 76
17 230 59
18 230 63
19 230 48
20 230 43
0 231 7
1 231 5
2 231 8
3 231 8
4 231 6
5 231 7
6 231 7
7 231 5
8 231 8
10 231 7
12 231 7
16 231 8
20 231 8
10 232 12
11 232 7
13 232 11
14 232 10
15 232 11
16 232 16
17 232 12
20 232 9
0 233 6
3 233 8
7 233 5
0 234 21
1 234 18
2 234 32
3 234 32
4 234 33
5 234 36
6 234 45
7 234 47
8 234 43
9 234 42
10 234 33
11 234 30
12 234 43
13 234 38
14 234 44
15 234 47
16 234 57
17 234 45
18 234 35
19 234 25
20 234 24
4 235 5
5 235 11
6 235 24
7 235 15
8 235 20
9 235 19
10 235 26
11 235 24
12 235 31
13 235 34
14 235 40
15 235 30
16 235 41
17 235 32
18 235 45
19 235 34
20 235 28
0 236 9
1 236 5
3 236 10
4 236 9
5 236 7
6 236 15
7 236 9
8 236 17
9 236 12
10 236 13
11 236 11
12 236 15
13 236 18
14 236 16
15 236 19
16 236 12
17 236 19
18 236 19
19 236 23
20 236 15
0 237 79
1 237 69
2 237 64
3 237 82
4 237 76
5 237 75
6 237 102
7 237 77
8 237 91
9 237 80
10 237 77
11 237 61
12 237 70
13 237 65
14 237 79
15 237 63
16 237 79
17 237 60
18 237 57
19 237 42
20 237 47
7 238 10
8 238 8
9 238 7
1 239 6
7 239 6
8 239 6
9 239 7
6 240 15
7 240 6
8 240 8
9 240 7
10 240 11
11 240 13
12 240 12
13 240 11
14 240 11
15 240 11
16 240 10
17 240 9
18 240 11
20 240 13
1 241 5
4 241 11
5 241 8
6 241 11
8 241 9
10 241 9
12 241 10
5 242 7
6 242 7
7 242 7
8 242 10
3 243 6
16 243 8
10 244 10
12 244 14
13 244 17
14 244 20
15 244 18
16 244 23
17 244 26
18 244 32
19 244 20
20 244 24
0 245 8
1 245 5
2 245 5
5 245 11
6 245 15
7 245 8
8 245 12
9 245 10
10 245 9
12 245 10
13 245 8
15 245 10
16 245 10
17 245 11
18 245 19
19 245 13
20 245 10
19 246 9
1 247 5
10 248 8
12 248 7
13 248 7
14 248 11
17 248 10
0 249 67
1 249 60
2 249 58
3 249 64
4 249 66
5 249 66
6 249 68
7 249 59
8 249 73
9 249 58
10 249 65
11 249 51
12 249 62
13 249 53
14 249 50
15 249 62
16 249 63
17 249 50
18 249 58
19 249 45
20 249 46
11 250 8
13 250 10
18 250 10
19 250 9
0 251 61
1 251 61
2 251 51
3 251 67
4 251 69
5 251 72
6 251 79
7 251 53
8 251 74
9 251 63
10 251 67
11 251 56
12 251 76
13 251 71
14 251 70
15 251 59
16 251 75
17 251 59
18 251 61
19 251 66
20 251 54
0 252 7
1 252 6
2 252 6
8 252 7
10 252 7
5 253 6
6 253 7
12 253 7
13 253 7
18 254 10
0 255 11
1 255 12
2 255 6
3 255 18
4 255 16
5 255 20
6 255 19
7 255 9
8 255 20
9 255 17
10 255 21
11 255 14
12 255 30
13 255 26
14 255 17
15 255 16
16 255 23
17 255 21
18 255 30
19 255 26
20 255 17
0 256 5
9 257 9
10 257 7
11 257 6
15 257 10
16 257 18
17 257 12
18 257 17
19 257 14
11 258 8
12 258 12
13 258 15
14 258 15
15 258 28
16 258 27
17 258 27
18 258 32
19 258 26
20 258 29
16 259 15
17 259 16
18 259 20
19 259 12
20 259 14
3 260 6
6 261 6
0 262 4
16 263 8
5 264 10
6 264 13
8 264 9
9 264 9
10 264 9
11 264 7
12 264 10
13 264 9
18 264 15
19 264 11
20 264 11
1 265 7
2 265 9
3 265 8
4 265 5
5 265 12
6 265 7
7 265 8
8 265 8
9 265 6
10 265 9
11 265 10
13 265 8
14 265 9
15 265 9
18 265 16
20 265 10
1 266 5
3 266 7
4 266 7
5 266 11
6 266 15
8 266 15
9 266 6
10 266 9
11 266 6
12 266 7
13 266 9
14 266 9
15 266 7
18 266 14
19 266 14
20 266 8
0 267 68
1 267 73
2 267 56
3 267 64
4 267 64
5 267 65
6 267 85
7 267 66
8 267 74
9 267 69
10 267 69
11 267 47
12 267 62
13 267 62
14 267 60
15 267 59
16 267 61
17 267 46
18 267 60
19 267 66
20 267 42
4 268 6
5 268 12
6 268 8
7 268 6
9 268 7
10 268 15
11 268 10
12 268 8
14 268 10
15 268 13
16 268 10
18 268 13
19 268 12
0 269 45
1 269 40
2 269 47
3 269 49
4 269 51
5 269 30
6 269 46
7 269 32
8 269 33
9 269 42
10 269 36
11 269 34
12 269 29
13 269 29
14 269 25
15 269 24
16 269 37
17 269 29
18 269 32
19 269 21
20 269 15
0 270 6
3 270 5
6 270 9
7 270 11
8 270 10
9 270 11
12 270 8
13 270 9
15 270 9
18 271 17
19 271 15
20 271 12
19 272 11
0 273 24
1 273 18
2 273 20
3 273 22
4 273 25
5 273 21
6 273 25
7 273 25
8 273 25
9 273 26
10 273 27
11 273 24
12 273 21
13 273 21
14 273 15
15 273 14
16 273 21
17 273 16
18 273 26
19 273 16
20 273 11
0 274 20
1 274 21
2 274 29
3 274 32
4 274 24
5 274 38
6 274 46
7 274 43
8 274 33
9 274 43
10 274 34
11 274 36
12 274 42
13 274 43
14 274 48
15 274 33
16 274 45
17 274 36
18 274 35
19 274 31
20 274 18
3 275 9
5 275 7
4 276 6
5 276 7
6 276 8
13 276 8
0 277 26
1 277 27
2 277 26
3 277 29
4 277 33
5 277 30
6 277 58
7 277 52
8 277 53
9 277 54
10 277 57
11 277 47
12 277 60
13 277 50
14 277 58
15 277 40
16 277 55
17 277 51
18 277 64
19 277 46
20 277 46
8 278 8
9 278 10
10 278 8
11 278 8
13 278 11
14 278 12
16 278 11
17 278 11
19 278 10
20 278 14
12 279 8
13 279 8
14 279 7
15 279 12
17 279 12
19 279 12
20 279 10
0 280 25
1 280 13
2 280 15
3 280 19
4 280 13
5 280 14
6 280 19
7 280 14
8 280 21
9 280 11
10 280 8
11 280 10
12 280 8
13 280 8
14 280 10
15 280 9
16 280 14
18 280 9
19 280 10
1 281 5
3 281 10
6 281 7
7 281 10
9 281 15
10 281 8
11 281 7
13 281 10
14 281 8
15 281 19
16 281 8
17 281 11
18 281 10
1 282 7
2 282 10
3 282 11
4 282 11
5 282 11
6 282 18
7 282 19
8 282 16
9 282 19
10 282 19
11 282 13
12 282 22
13 282 28
14 282 21
15 282 21
16 282 28
17 282 28
18 282 30
19 282 20
20 282 19
12 283 15
13 283 13
15 283 10
16 283 10
17 283 13
18 283 10
19 283 10
20 283 9
0 284 4
2 284 9
3 284 12
4 284 12
5 284 7
6 284 13
7 284 7
8 284 10
9 284 8
10 284 12
11 284 13
12 284 11
13 284 17
15 284 9
16 284 14
18 284 9
19 284 10
20 284 8
1 285 5
3 285 9
5 285 7
7 285 7
8 285 7
0 286 14
1 286 17
2 286 13
3 286 11
4 286 12
5 286 20
6 286 11
7 286 10
8 286 13
9 286 11
10 286 8
12 286 9
13 286 8
14 286 7
15 286 11
16 286 11
18 286 10
8 287 6
1 288 5
2 288 6
7 289 7
18 290 10
0 291 6
2 291 12
3 291 9
5 291 6
7 291 6
9 291 7
18 291 9
7 292 6
4 293 6
5 293 7
7 293 8
8 293 9
14 293 8
12 294 7
18 295 14
19 295 10
6 296 7
0 297 12
1 297 10
2 297 12
3 297 8
4 297 12
5 297 9
6 297 12
7 297 11
8 297 8
9 297 7
10 297 8
11 297 6
12 297 11
13 297 11
14 297 10
16 297 12
0 298 8
1 298 7
2 298 7
5 298 7
6 298 7
8 298 9
4 299 6
6 299 13
7 299 7
8 299 12
9 299 16
10 299 31
11 299 22
12 299 23
13 299 33
14 299 25
15 299 22
16 299 33
17 299 28
18 299 27
19 299 26
20 299 25
6 300 6
16 300 9
12 301 15
13 301 25
14 301 34
15 301 23
16 301 34
17 301 42
18 301 46
19 301 44
20 301 39
0 302 36
1 302 33
2 302 30
3 302 34
4 302 31
5 302 37
6 302 45
7 302 33
8 302 42
9 302 28
10 302 29
11 302 24
12 302 27
13 302 31
14 302 31
15 302 25
16 302 37
17 302 29
18 302 30
19 302 24
20 302 28
4 303 6
16 303 11
19 304 12
3 305 6
0 306 7
1 306 9
2 306 8
3 306 8
4 306 6
5 306 7
6 306 14
7 306 7
8 306 7
9 306 11
10 306 13
11 306 12
12 306 16
13 306 12
15 306 10
16 306 12
17 306 10
18 306 16
19 306 14
11 307 6
0 308 15
1 308 14
2 308 16
3 308 13
4 308 10
5 308 16
6 308 16
7 308 8
8 308 15
9 308 21
10 308 19
11 308 11
12 308 13
13 308 9
14 308 15
15 308 11
16 308 11
17 308 15
18 308 11
19 308 10
20 308 9
0 309 11
2 309 15
3 309 6
4 309 8
5 309 10
6 309 14
8 309 10
9 309 11
10 309 8
11 309 7
13 309 10
14 309 10
16 309 13
17 309 9
19 309 11
20 309 10
1 310 6
12 310 10
18 311 9
3 312 5
6 312 6
7 313 5
10 313 11
12 313 8
13 313 11
15 313 10
16 313 9
17 313 9
18 313 18
20 313 14
1 314 7
2 314 9
3 314 10
4 314 10
5 314 9
6 314 8
7 314 7
9 314 11
11 314 8
12 314 9
13 314 14
14 314 13
15 314 15
16 314 13
17 314 16
18 314 19
19 314 15
20 314 12
17 315 10
12 316 7
0 317 11
1 317 20
2 317 17
3 317 13
4 317 12
5 317 18
6 317 19
7 317 10
8 317 7
9 317 16
10 317 11
11 317 12
16 317 10
1 318 6
3 318 6
4 318 8
6 318 9
7 318 5
8 318 7
4 319 5
8 319 8
9 319 8
11 319 7
12 319 8
13 319 12
14 319 11
15 319 14
16 319 14
17 319 11
18 319 10
19 319 12
20 319 12
1 320 6
14 320 11
14 321 12
15 321 13
16 321 16
17 321 19
18 321 19
19 321 17
7 322 8
0 323 5
20 324 10
0 325 4
18 326 10
2 327 11
3 327 17
4 327 13
5 327 27
6 327 34
7 327 15
8 327 26
9 327 13
10 327 25
11 327 10
12 327 17
13 327 21
14 327 28
15 327 14
16 327 18
17 327 13
18 327 15
19 327 10
20 327 13
0 328 56
1 328 53
2 328 45
3 328 54
4 328 55
5 328 33
6 328 59
7 328 64
8 328 42
9 328 37
10 328 41
11 328 27
12 328 40
13 328 36
14 328 29
15 328 36
16 328 43
17 328 35
18 328 34
19 328 38
20 328 25
0 329 27
1 329 33
2 329 20
3 329 26
4 329 25
5 329 19
6 329 33
7 329 19
8 329 25
9 329 22
10 329 21
11 329 20
12 329 12
13 329 15
14 329 21
15 329 14
16 329 18
17 329 21
18 329 31
19 329 26
20 329 16
1 330 5
0 331 15
1 331 18
2 331 16
3 331 27
4 331 23
5 331 22
6 331 39
7 331 29
8 331 26
9 331 28
10 331 33
11 331 26
12 331 29
13 331 25
14 331 26
15 331 26
16 331 29
17 331 27
18 331 37
19 331 29
20 331 23
5 332 9
6 332 11
8 332 9
9 332 8
10 332 8
11 332 7
12 332 12
13 332 16
14 332 9
15 332 10
16 332 11
17 332 13
18 332 19
19 332 15
20 332 16
3 333 5
6 334 15
8 334 6
9 334 9
12 334 10
0 335 19
1 335 21
2 335 16
3 335 19
4 335 26
5 335 25
6 335 20
7 335 17
8 335 33
9 335 31
10 335 29
11 335 20
12 335 22
13 335 33
14 335 25
15 335 22
16 335 21
17 335 23
18 335 29
19 335 19
20 335 20
0 336 17
1 336 9
2 336 12
3 336 8
4 336 8
5 336 12
6 336 12
7 336 6
8 336 15
9 336 12
10 336 16
11 336 18
12 336 13
13 336 17
14 336 15
15 336 13
16 336 18
17 336 28
18 336 26
19 336 23
20 336 13
4 337 8
6 337 11
7 337 8
8 337 8
10 337 10
11 337 8
12 337 9
13 337 9
14 337 9
18 337 10
4 338 8
5 338 8
12 338 11
15 338 9
18 338 18
19 338 16
20 338 11
14 339 9
16 339 10
9 340 6
15 340 9
16 340 10
0 341 12
1 341 14
2 341 9
3 341 14
4 341 16
5 341 14
6 341 24
7 341 20
8 341 19
9 341 11
10 341 23
11 341 12
12 341 13
13 341 18
15 341 8
16 341 15
17 341 10
18 341 13
19 341 10
20 341 12
0 342 5
1 342 9
2 342 6
3 342 6
6 342 9
8 342 7
9 342 10
0 343 9
1 343 10
2 343 11
3 343 13
4 343 9
5 343 6
6 343 9
7 343 5
8 343 6
10 343 8
9 344 8
14 344 7
0 345 7
2 345 6
3 345 8
4 345 6
6 345 19
7 345 7
8 345 15
9 345 12
15 345 13
17 345 11
2 346 6
9 346 7
11 346 7
12 346 9
13 346 8
14 346 10
15 346 8
16 346 9
17 346 11
18 346 10
19 346 15
20 346 11
10 347 10
11 347 8
16 348 8
0 349 5
9 350 7
10 350 7
11 350 9
13 350 12
14 350 14
15 350 13
17 350 9
18 350 14
20 350 14
13 351 10
14 351 8
16 351 16
17 351 11
18 351 21
19 351 13
20 351 11
0 352 17
1 352 12
2 352 22
3 352 19
4 352 19
5 352 15
6 352 16
7 352 14
8 352 16
9 352 21
10 352 12
11 352 11
12 352 14
13 352 14
14 352 14
15 352 14
17 352 12
18 352 12
15 353 10
16 353 9
1 354 5
6 354 6
8 354 6
4 355 6
14 355 8
15 355 8
5 356 6
18 356 10
0 357 7
1 357 10
2 357 9
3 357 10
4 357 15
5 357 19
6 357 16
7 357 10
8 357 14
9 357 14
10 357 23
11 357 19
12 357 16
13 357 16
14 357 16
15 357 16
16 357 17
17 357 10
18 357 21
19 357 12
20 357 9
0 358 20
1 358 20
2 358 25
3 358 20
4 358 21
5 358 26
6 358 49
7 358 34
8 358 33
9 358 19
10 358 28
11 358 19
12 358 29
13 358 23
14 358 23
15 358 31
16 358 23
17 358 31
18 358 20
19 358 16
20 358 17
0 359 17
1 359 13
2 359 8
3 359 17
4 359 12
5 359 10
6 359 12
7 359 10
8 359 18
9 359 9
10 359 7
12 359 8
14 359 10
16 359 10
18 359 9
1 360 5
0 361 11
1 361 5
2 361 9
3 361 7
5 361 8
6 361 7
11 361 7
17 362 9
20 362 9
0 363 5
3 363 8
12 363 11
13 363 9
14 363 13
15 363 9
16 363 10
19 363 10
1 364 7
0 365 51
1 365 53
2 365 54
3 365 47
4 365 55
5 365 50
6 365 71
7 365 62
8 365 55
9 365 60
10 365 50
11 365 45
12 365 46
13 365 41
14 365 51
15 365 49
16 365 58
17 365 45
18 365 43
19 365 41
20 365 31
0 366 5
1 366 5
14 367 8
2 368 7
4 368 8
5 368 7
6 368 10
11 368 9
12 368 8
13 368 8
18 368 10
20 369 11
2 370 6
4 370 8
8 371 6
4 372 12
5 372 10
6 372 19
7 372 11
8 372 6
9 372 9
11 372 8
16 372 9
0 373 25
1 373 29
2 373 24
3 373 33
4 373 21
5 373 28
6 373 44
7 373 34
8 373 36
9 373 22
10 373 28
11 373 18
12 373 35
13 373 21
14 373 17
15 373 31
16 373 33
17 373 24
18 373 21
19 373 24
20 373 20
17 374 8
18 374 24
19 374 37
20 374 21
